Threads: 1
Threads: 2
Threads: 4
Threads: 8
Threads: 12
Threads: 16
Threads: 20
Threads: 40
160 159
0
hotspot;OPENMP;12288;12288;100;1;0;71.78656006
1
hotspot;OPENMP;12288;12288;100;40;0;4.88812590
2
hotspot;OPENMP;12288;12288;100;4;0;16.85217857
3
hotspot;OPENMP;12288;12288;100;12;0;7.90205908
4
hotspot;OPENMP;12288;12288;100;16;0;6.86396313
5
hotspot;OPENMP;12288;12288;100;40;0;4.88416481
6
hotspot;OPENMP;12288;12288;100;20;0;6.97426319
7
hotspot;OPENMP;12288;12288;100;2;0;31.68845558
8
hotspot;OPENMP;12288;12288;100;12;0;7.88087988
9
hotspot;OPENMP;12288;12288;100;8;0;10.38716316
10
hotspot;OPENMP;12288;12288;100;12;0;7.88944578
11
hotspot;OPENMP;12288;12288;100;2;0;31.63148689
12
hotspot;OPENMP;12288;12288;100;40;0;4.70389318
13
hotspot;OPENMP;12288;12288;100;20;0;6.38264322
14
hotspot;OPENMP;12288;12288;100;2;0;31.63882828
15
hotspot;OPENMP;12288;12288;100;20;0;7.06855011
16
hotspot;OPENMP;12288;12288;100;4;0;16.55842972
17
hotspot;OPENMP;12288;12288;100;12;0;7.86778879
18
hotspot;OPENMP;12288;12288;100;8;0;9.28230381
19
hotspot;OPENMP;12288;12288;100;2;0;31.70367622
20
hotspot;OPENMP;12288;12288;100;40;0;4.75541878
21
hotspot;OPENMP;12288;12288;100;1;0;71.47129822
22
hotspot;OPENMP;12288;12288;100;20;0;6.90167522
23
hotspot;OPENMP;12288;12288;100;40;0;4.62717199
24
hotspot;OPENMP;12288;12288;100;12;0;7.92650986
25
hotspot;OPENMP;12288;12288;100;8;0;9.72294998
26
hotspot;OPENMP;12288;12288;100;4;0;16.76803398
27
hotspot;OPENMP;12288;12288;100;40;0;4.74546289
28
hotspot;OPENMP;12288;12288;100;12;0;7.83943701
29
hotspot;OPENMP;12288;12288;100;16;0;6.95270014
30
hotspot;OPENMP;12288;12288;100;8;0;10.01777935
31
hotspot;OPENMP;12288;12288;100;40;0;5.14738989
32
hotspot;OPENMP;12288;12288;100;1;0;71.46457672
33
hotspot;OPENMP;12288;12288;100;1;0;71.78646088
34
hotspot;OPENMP;12288;12288;100;1;0;71.45618439
35
hotspot;OPENMP;12288;12288;100;16;0;6.63611221
36
hotspot;OPENMP;12288;12288;100;40;0;4.77456379
37
hotspot;OPENMP;12288;12288;100;2;0;31.85982895
38
hotspot;OPENMP;12288;12288;100;12;0;7.79650784
39
hotspot;OPENMP;12288;12288;100;16;0;6.77787018
40
hotspot;OPENMP;12288;12288;100;4;0;16.67389679
41
hotspot;OPENMP;12288;12288;100;4;0;16.72882080
42
hotspot;OPENMP;12288;12288;100;8;0;9.74273586
43
hotspot;OPENMP;12288;12288;100;4;0;16.87347794
44
hotspot;OPENMP;12288;12288;100;12;0;7.94926882
45
hotspot;OPENMP;12288;12288;100;2;0;31.81683922
46
hotspot;OPENMP;12288;12288;100;8;0;10.06898308
47
hotspot;OPENMP;12288;12288;100;16;0;7.69803810
48
hotspot;OPENMP;12288;12288;100;4;0;16.77382088
49
hotspot;OPENMP;12288;12288;100;2;0;31.55259132
50
hotspot;OPENMP;12288;12288;100;1;0;71.42954254
51
hotspot;OPENMP;12288;12288;100;8;0;9.51906109
52
hotspot;OPENMP;12288;12288;100;2;0;31.69424820
53
hotspot;OPENMP;12288;12288;100;2;0;31.70006371
54
hotspot;OPENMP;12288;12288;100;8;0;10.14724255
55
hotspot;OPENMP;12288;12288;100;4;0;18.10181618
56
hotspot;OPENMP;12288;12288;100;1;0;71.30841827
57
hotspot;OPENMP;12288;12288;100;2;0;32.06986618
58
hotspot;OPENMP;12288;12288;100;1;0;71.32959747
59
hotspot;OPENMP;12288;12288;100;2;0;31.86543465
60
hotspot;OPENMP;12288;12288;100;1;0;71.27276611
61
hotspot;OPENMP;12288;12288;100;16;0;6.59010506
62
hotspot;OPENMP;12288;12288;100;1;0;71.30122375
63
hotspot;OPENMP;12288;12288;100;12;0;7.94943714
64
hotspot;OPENMP;12288;12288;100;20;0;6.97914696
65
hotspot;OPENMP;12288;12288;100;16;0;6.77268887
66
hotspot;OPENMP;12288;12288;100;16;0;6.90880680
67
hotspot;OPENMP;12288;12288;100;16;0;7.12890720
68
hotspot;OPENMP;12288;12288;100;8;0;9.60249138
69
hotspot;OPENMP;12288;12288;100;20;0;6.67124510
70
hotspot;OPENMP;12288;12288;100;1;0;71.68883514
71
hotspot;OPENMP;12288;12288;100;12;0;7.75396490
72
hotspot;OPENMP;12288;12288;100;2;0;31.63180733
73
hotspot;OPENMP;12288;12288;100;2;0;31.96866417
74
hotspot;OPENMP;12288;12288;100;20;0;7.01078320
75
hotspot;OPENMP;12288;12288;100;1;0;71.77463531
76
hotspot;OPENMP;12288;12288;100;2;0;31.56427574
77
hotspot;OPENMP;12288;12288;100;16;0;7.17924976
78
hotspot;OPENMP;12288;12288;100;16;0;6.78263903
79
hotspot;OPENMP;12288;12288;100;2;0;31.56571960
80
hotspot;OPENMP;12288;12288;100;4;0;17.08221817
81
hotspot;OPENMP;12288;12288;100;40;0;4.82178020
82
hotspot;OPENMP;12288;12288;100;12;0;7.85305977
83
hotspot;OPENMP;12288;12288;100;40;0;4.45327711
84
hotspot;OPENMP;12288;12288;100;40;0;4.88600683
85
hotspot;OPENMP;12288;12288;100;16;0;6.79146385
86
hotspot;OPENMP;12288;12288;100;8;0;9.41475105
87
hotspot;OPENMP;12288;12288;100;12;0;7.90150595
88
hotspot;OPENMP;12288;12288;100;20;0;6.44098616
89
hotspot;OPENMP;12288;12288;100;12;0;7.64452791
90
hotspot;OPENMP;12288;12288;100;4;0;17.09358025
91
hotspot;OPENMP;12288;12288;100;8;0;10.30582428
92
hotspot;OPENMP;12288;12288;100;4;0;17.02166367
93
hotspot;OPENMP;12288;12288;100;20;0;7.01780176
94
hotspot;OPENMP;12288;12288;100;8;0;9.75811768
95
hotspot;OPENMP;12288;12288;100;1;0;71.75193787
96
hotspot;OPENMP;12288;12288;100;40;0;4.68076706
97
hotspot;OPENMP;12288;12288;100;20;0;6.58539581
98
hotspot;OPENMP;12288;12288;100;12;0;7.95672321
99
hotspot;OPENMP;12288;12288;100;12;0;7.85027313
100
hotspot;OPENMP;12288;12288;100;12;0;7.90707588
101
hotspot;OPENMP;12288;12288;100;12;0;7.93289518
102
hotspot;OPENMP;12288;12288;100;12;0;7.90332794
103
hotspot;OPENMP;12288;12288;100;20;0;6.18462515
104
hotspot;OPENMP;12288;12288;100;1;0;71.92145538
105
hotspot;OPENMP;12288;12288;100;16;0;7.38128805
106
hotspot;OPENMP;12288;12288;100;40;0;4.65826797
107
hotspot;OPENMP;12288;12288;100;8;0;10.62638474
108
hotspot;OPENMP;12288;12288;100;40;0;4.80497408
109
hotspot;OPENMP;12288;12288;100;8;0;9.64088058
110
hotspot;OPENMP;12288;12288;100;2;0;32.00854874
111
hotspot;OPENMP;12288;12288;100;40;0;4.67344618
112
hotspot;OPENMP;12288;12288;100;16;0;7.50685787
113
hotspot;OPENMP;12288;12288;100;2;0;31.65298462
114
hotspot;OPENMP;12288;12288;100;1;0;72.01763153
115
hotspot;OPENMP;12288;12288;100;20;0;6.69820786
116
hotspot;OPENMP;12288;12288;100;12;0;7.67942095
117
hotspot;OPENMP;12288;12288;100;40;0;4.92740583
118
hotspot;OPENMP;12288;12288;100;1;0;71.90834045
119
hotspot;OPENMP;12288;12288;100;8;0;10.34109783
120
hotspot;OPENMP;12288;12288;100;4;0;16.90534782
121
hotspot;OPENMP;12288;12288;100;20;0;6.97045612
122
hotspot;OPENMP;12288;12288;100;4;0;16.84742737
123
hotspot;OPENMP;12288;12288;100;20;0;6.99357319
124
hotspot;OPENMP;12288;12288;100;1;0;72.00365448
125
hotspot;OPENMP;12288;12288;100;2;0;31.85963440
126
hotspot;OPENMP;12288;12288;100;16;0;7.14392424
127
hotspot;OPENMP;12288;12288;100;20;0;7.06490088
128
hotspot;OPENMP;12288;12288;100;20;0;6.56909990
129
hotspot;OPENMP;12288;12288;100;4;0;16.74406242
130
hotspot;OPENMP;12288;12288;100;16;0;6.80420399
131
hotspot;OPENMP;12288;12288;100;2;0;31.76769257
132
hotspot;OPENMP;12288;12288;100;8;0;9.29433155
133
hotspot;OPENMP;12288;12288;100;8;0;10.51284409
134
hotspot;OPENMP;12288;12288;100;16;0;6.62288189
135
hotspot;OPENMP;12288;12288;100;1;0;71.96765900
136
hotspot;OPENMP;12288;12288;100;4;0;16.78862381
137
hotspot;OPENMP;12288;12288;100;8;0;9.55110836
138
hotspot;OPENMP;12288;12288;100;2;0;31.85184860
139
hotspot;OPENMP;12288;12288;100;1;0;71.99625397
140
hotspot;OPENMP;12288;12288;100;16;0;6.87730122
141
hotspot;OPENMP;12288;12288;100;16;0;6.54545212
142
hotspot;OPENMP;12288;12288;100;12;0;7.83791018
143
hotspot;OPENMP;12288;12288;100;4;0;17.06948471
144
hotspot;OPENMP;12288;12288;100;40;0;4.74211502
145
hotspot;OPENMP;12288;12288;100;20;0;6.89343214
146
hotspot;OPENMP;12288;12288;100;1;0;71.91085815
147
hotspot;OPENMP;12288;12288;100;4;0;16.81900787
148
hotspot;OPENMP;12288;12288;100;40;0;4.53678513
149
hotspot;OPENMP;12288;12288;100;4;0;16.52688789
150
hotspot;OPENMP;12288;12288;100;20;0;6.80153894
151
hotspot;OPENMP;12288;12288;100;40;0;5.02609491
152
hotspot;OPENMP;12288;12288;100;16;0;6.95667315
153
hotspot;OPENMP;12288;12288;100;40;0;4.89803219
154
hotspot;OPENMP;12288;12288;100;8;0;9.16044140
155
hotspot;OPENMP;12288;12288;100;20;0;6.12260103
156
hotspot;OPENMP;12288;12288;100;4;0;17.18620110
157
hotspot;OPENMP;12288;12288;100;20;0;6.37158823
158
hotspot;OPENMP;12288;12288;100;8;0;9.59251595
159
hotspot;OPENMP;12288;12288;100;4;0;16.80555153
